1012024105665241
10156174140367957
10157003417914181
10158458274584152
1019825454868021
10205486704922556
10207273741717251
10210340553468604
10210426832265754
10210938711142906
10211192296083292
10211263232091151
10211417514787538
10212546543052995
10212757806052929
10213243224169948
10213481062931480
10213529753103452
10213987859830468
10215356983776791
10215790517769438
10215882767474368
10215963604261733
10216454188568642
10216800505658538
10217845672516916
10218016945677876
10218566894673935
10218857445853378
10219107992556535
1039611829558530
1051849258349731
1056427177874735
106661363809603
1123627837808922
1124939177694369
1144718022368753
1145791452259819
1148149762037096
1162548180580095
1175843029248657
1189565291201579
121178658968297
1216897805143294
1227626140719521
1233300513475060
1237005549783079
1243655275811284
1246803615475786
1259993770816612
1269925366495587
1275411649303426
1293019000846697
129807494720667
130564832624535
1351905828283091
1370159703362600
142443270122903
1433826240086371
1449675468498274
1456276604513350
1456845414448591
1465231733666639
1497195290410525
1501162003347501
1517412684975147
153845636800981
1588633021282218
1652997804801892
1679218122178400
1694148717353628
1715502718550708
1765611726983290
1772126362892415
1778114135626288
1779287405510558
1792344974204520
180168357720736
1869025319890644
1870271566415862
1905833069544658
1920722338044351
1942308872534964
1950331471940688
1953119091467619
1956387884480403
1964337430281680
1977800295589029
1984543934975514
1985383968181754
1993331420774205
1996669257117116
2000812593300381
2011545092278203
2014307465317732
2015688591799477
2022034367911441
2022160571195238
2024001364392069
2033630916690767
2033935206684158
2034452276654122
2037130273033698
2040628636056549
2042284985818918
2043071309039125
2047738381930051
2050731898296851
2054288221316222
2055756321182427
2059218490781573
2061039177346780
2062931590488143
2065972480152464
2068790826491212
2071921992862647
2076383752446948
2076427862423483
2082129431854389
2083558981809748
2083788851676358
2085183534899235
2093037467455296
2093093134153214
2104494913125676
2105723109466336
2108817665823864
2114917265185408
2118294931592278
2128749667213185
2134800153243192
2140095852720259
2141881572517885
2142884342459144
2145816545508446
2147380721951636
2149038278490104
2149107325150892
2157346364321521
2159541987441209
2160737313947352
2171747899558571
2174840715911074
2182340902094642
2184616501620987
2206060622977076
2206645339357421
2214684148861497
2215373808527141
2215549898495282
2219838681414701
2223197384666345
2226690337554108
2231384913590764
2235347189828848
2237997649573280
2239682939396619
2243533385677703
2246823105588632
2252357995010847
2255874714731232
2257157194555181
2258694514181369
2264236370523045
2268545693468752
2274416532830361
2277536742498207
2278523422214419
2278560178829172
2279134285479914
2281197061899319
2283326628592598
2285453891733309
2285638958148120
2297646057121510
2297978936901962
2298447180481028
2310198729014009
2312489958810975
2319147761468614
2319296504748860
2325613427725637
2332283177018745
2332444267034022
2335282719837052
2338393642846008
2345103945502881
2351108831625801
2356801967676822
2358534384365713
2361526777214259
2362912853739731
2373064532913943
2374842009192625
2417276435010117
2418009355092133
2423736131001481
2438651766164598
2445539822126111
2472922669415779
2479008835447996
2493982817310749
2499537526786550
2505908559482142
2535713866469913
2536581943023930
2545359918869946
2566305776745486
2574716162555634
2576763105684362
2578789805484465
2629200644049163
2630378353644665
2660905360616730
2672655142777091
2719969724709813
2737594129798312
2752851324939120
2821553191195808
288347371823280
293560881271780
2958068734461221
3021589061394382
305310403666768
3054070284885440
3166997436647633
321945015330681
3258279224429390
380931879351849
382099205927485
396110531161756
3980032462120232
417818552290496
4206078822835726
428256597781255
472940076897664
485711818874005
546959442472358
54984358506
552005048627377
565076497325855
572131383219208
595096147569093
632532637175800
637054166751536
644294852654598
675127933333680
7316602421747367
791568751241465
796521617376136
809365036083652
862307674121652
973068372882807
992190804324593
997099087141427