5335
5557
6969
11818
11819
11820
11821
11934
11947
12003
12004
12085
12102
13116
13117
13118
13175
14126
14127
14128
14293
14417
14429
14682
14780
14951
14976
15060
15451
15925
16006
16007
16033
16076
16135
16208
16209
16210
16216
16217
16218
16219
16220
16221
16222
16223
16224
16225
16226
16227
16228
16249
16256
16257
16259
16266
16352
16389
16418
16435
16445
16446
16447
16457
16472
16473
16498
16503
16506
16507
16586
16645
16646
16663
16665
16685
16694
16715
16719
16742
16746
16755
16756
16764
16765
16779
16792
16816
16823
16824
16833
16836
16837
16838
16839
16859
16898
16920
16921
16928
16950
16982
17021
17053
17056
17059
17064
17080
17081
17082
17083
17084
17091
17092
17093
17132
17134
17140
17141
17142
17143
17144
17145
17153
17154
17161
17167
17175
17176
17177
17183
17202
17231
17236
17262
17265
17266
17267
17275
17282
17283
17303
17306
17317
17321
17322
17323
17385
17386
17387
17402
17403
17404
17409
17412
17493
17730
17735
17742
17743
17744
17745
17799
17801
17802
17803
17804
17805
17806
17807
17808
17809
17810
17811
17812
17813
17814
17815
17817
17856
17857
17858
17859
17872
17873
17892
17903
17906
17907
17922
18070
18116
18117
18125
18126
18127
18139
18140
18141
18277
18278
18279
18295
18296
18361
18364
18370
18372
18373
18387
18523
18526
18527
18528
18630
18667
18668
18669
18670
18671
18679
18702
19101
19102
19113
19114
19230
19265
19266
19303
19304
19305
19306
19326
19331
19332
19394
19403
19407
19428
19553
19859
19904
20728
20729
20730
20731
20941
21038
21052
21130
21155
21450
21966
22067
22068
22069
22073
22074
22454
22476
22477
22478
22566
22567
22601
22623
22652
22710
22827
22900
22916
22917
22967
23008
23009
23010
23091
23111
23251
23252
23467
23545
23546
23547
23840
23841
23926
24039
24081
24141
24221
24222
24230
24531
24532
24649
24650
24651
24669
24670
24671
24672
24673
24674
24770
24909
25023
25028
25029
25030
25031
25032
25033
25034
25035
25036
25037
25038
25039
25040
25041
25042
25043
25044
25045
25046
25066
25067
25068
25209
25306
25307
25308
25309
25394
25395
25396
25397
25583
25584
25585
25586
25587
25588
25589
25590
25685
25695
25718
25719
25720
25788
25789
25798
25799
25833
25834
25835
26117
26173
26210
26211
26212
26213
26214
26258
26269
26336
26376
26377
26378
26383
26384
26385
26386
26396
26398
26649
26650
26651
26652
26653
26664
26665
26692
26713
26714
26715
26716
26717
26718
26719
26720
26738
26770
26782
26783
26858
26892
26928
26936
26985
26988
26994
26995
26999
27000
27087
27122
27133
27146
27197
27211
27319
27320
27364
27448
27472
27490
27495
27498
27505
27558
27813
27822
28239
28254
28259
28293
28318
28364
28365
28366
28442
28470
