5
9
10
11
13
14
15
16
17
19
20
23
24
25
27
29
33
34
35
36
38
41
42
44
46
47
48
50
51
53
56
58
59
63
64
65
68
70
71
72
75
76
79
80
83
84
91
92
93
94
95
96
97
98
99
100
101
102
103
104
106
108
109
112
113
116
119
120
121
122
124
125
128
130
131
133
134
136
138
139
141
142
143
146
147
150
157
159
160
161
162
164
165
166
167
168
169
171
175
176
178
182
185
186
187
188
191
192
197
198
199
201
202
203
207
208
213
216
217
219
220
222
223
225
228
232
239
244
246
248
253
255
256
261
262
264
268
269
279
281
282
283
287
290
292
293
294
295
297
298
300
305
315
319
321
322
323
325
326
329
334
335
337
338
342
343
344